
INSERCION
0.0174142
0.0528853
0.111017
0.19222
0.299191
0.422085
0.564354
0.731688
0.923006
1.13483
1.38051
1.63606
1.90972
2.19973
2.53373
2.88313
3.246
3.63439
4.05566
4.50032
4.95713
5.41366
5.89004
6.35919


SELECCION
0.0163367
0.0479563
0.097313
0.164659
0.248531
0.349961
0.46915
0.604997
0.760872
0.943232
1.1242
1.33229
1.56826
1.81437
2.08626
2.36978
2.65426
2.97028
3.30776
3.66587
4.03676
4.42431
4.82911
5.25769


QUICKSORT
0.00582096
0.0114616
0.0154476
0.0205779
0.0258842
0.0308402
0.0361868
0.0416916
0.0471395
0.0523447
0.0587469
0.063199
0.0685364
0.0746673
0.0805024
0.0854531
0.091811
0.0971154
0.101927
0.107963
0.113942
0.119236
0.124966
0.130902


HEAPSORT
0.00922183
0.0175723
0.0248873
0.0335933
0.0423208
0.0514734
0.0605216
0.0695747
0.0786022
0.0882442
0.0980543
0.10768
0.116814
0.126481
0.136559
0.146537
0.156669
0.166521
0.177266
0.187661
0.199459
0.210305
0.22168
0.233685


FLOYD
0.00117093
0.00593416
0.0166755
0.0346997
0.0618299
0.0982145
0.157994
0.224
0.327703
0.445012
0.584939
0.759951
0.968253
1.17872
1.4594
1.79618
2.12967
2.63092
3.11397
3.63193
4.16889
4.91245
5.4895
6.33907
7.23542


HANOI
3.02333e-07
5.66667e-07
9.67733e-07
2.1698e-06
3.7174e-06
7.4464e-06
1.58441e-05
2.28889e-05
4.91215e-05
8.7555e-05
0.000196019
0.000364083
0.000712022
0.00146976
0.00274784
0.00567758
0.0113162
0.0216902
0.0439387
0.085614
0.166555
0.338624
0.671537
1.35804
2.7043


















